ManchesterCity 2.68421052631578947368 .97368421052631578947 77.94736842105263157894 77.75000000000000000000
Liverpool 2.65789473684210526315 1.31578947368421052631 74.20833333333333333333 75.85000000000000000000
Chelsea 1.86842105263157894736 .71052631578947368421 76.69565217391304347826 71.44000000000000000000
Arsenal 1.78947368421052631578 1.07894736842105263157 77.73076923076923076923 73.84210526315789473684
Everton 1.60526315789473684210 1.02631578947368421052 68.40000000000000000000 71.61111111111111111111
TottenhamHotspur 1.44736842105263157894 1.34210526315789473684 72.81818181818181818181 75.66666666666666666666
ManchesterUnited 1.68421052631578947368 1.13157894736842105263 77.60000000000000000000 76.00000000000000000000
Southampton 1.42105263157894736842 1.21052631578947368421 71.78947368421052631578 68.17647058823529411764
StokeCity 1.18421052631578947368 1.36842105263157894736 69.47368421052631578947 71.36363636363636363636
NewcastleUnited 1.13157894736842105263 1.55263157894736842105 70.78947368421052631578 73.92857142857142857142
CrystalPalace .86842105263157894736 1.26315789473684210526 67.31250000000000000000 64.21428571428571428571
SwanseaCity 1.42105263157894736842 1.42105263157894736842 70.61904761904761904761 69.17647058823529411764
WestHamUnited 1.05263157894736842105 1.34210526315789473684 69.88888888888888888888 69.46666666666666666666
Sunderland 1.07894736842105263157 1.57894736842105263157 71.22222222222222222222 70.21428571428571428571
AstonVilla 1.02631578947368421052 1.60526315789473684210 72.05555555555555555555 69.75000000000000000000
HullCity 1.00000000000000000000 1.39473684210526315789 68.60000000000000000000 67.84615384615384615384
WestBromwichAlbion 1.13157894736842105263 1.55263157894736842105 69.73333333333333333333 70.58333333333333333333
NorwichCity .73684210526315789473 1.63157894736842105263 71.40000000000000000000 70.28571428571428571428
Fulham 1.05263157894736842105 2.23684210526315789473 73.27272727272727272727 73.70000000000000000000
CardiffCity .84210526315789473684 1.94736842105263157894 67.25000000000000000000 68.88888888888888888888
FCBarcelona 2.67567567567567567567 .86486486486486486486 86.72413793103448275862 82.22222222222222222222
RealMadrid 2.72972972972972972972 1.00000000000000000000 84.25000000000000000000 82.00000000000000000000
atleticodemadrid 2.05405405405405405405 .67567567567567567567 80.70000000000000000000 77.06666666666666666666
athleticclubdebilbao 1.78378378378378378378 1.05405405405405405405 74.15384615384615384615 73.08333333333333333333
SevillaFC 1.78378378378378378378 1.37837837837837837837 79.00000000000000000000 75.52941176470588235294
Villarrealcf 1.56756756756756756756 1.16216216216216216216 73.66666666666666666666 71.09090909090909090909
RealSociedad 1.64864864864864864864 1.43243243243243243243 75.66666666666666666666 71.77777777777777777777
ValenciaCF 1.32432432432432432432 1.40540540540540540540 75.00000000000000000000 77.31250000000000000000
rcceltadevigo 1.29729729729729729729 1.40540540540540540540 72.00000000000000000000 71.00000000000000000000
Levanteud .94594594594594594594 1.13513513513513513513 74.71428571428571428571 71.05263157894736842105
rcdEspanyol 1.08108108108108108108 1.29729729729729729729 70.66666666666666666666 70.64705882352941176470
Malagacf 1.02702702702702702702 1.24324324324324324324 71.25000000000000000000 76.69230769230769230769
Getafecf .89189189189189189189 1.43243243243243243243 71.22222222222222222222 73.75000000000000000000
RealValladolid 1.02702702702702702702 1.59459459459459459459 68.60000000000000000000 70.33333333333333333333
Granadacf .83783783783783783783 1.51351351351351351351 71.08333333333333333333 71.42857142857142857142
caOsasuna .81081081081081081081 1.64864864864864864864 70.75000000000000000000 72.28571428571428571428
RayoVallecano 1.21621621621621621621 2.10810810810810810810 71.37500000000000000000 73.00000000000000000000
RealBetisbalompie .94594594594594594594 2.05405405405405405405 74.30769230769230769230 72.50000000000000000000
ParisSaintGermain 2.16216216216216216216 .62162162162162162162 77.57894736842105263157 77.25000000000000000000
ASMonaco 1.67567567567567567567 .81081081081081081081 73.60000000000000000000 69.58823529411764705882
loscLille 1.13513513513513513513 .67567567567567567567 75.57142857142857142857 73.81250000000000000000
olympiquelyonnais 1.48648648648648648648 1.18918918918918918918 71.38461538461538461538 72.29411764705882352941
olympiquedemarseille 1.40540540540540540540 1.08108108108108108108 74.75000000000000000000 71.65000000000000000000
girondinsbordeaux 1.29729729729729729729 1.13513513513513513513 73.12500000000000000000 71.81818181818181818181
fcLorient 1.27027027027027027027 1.32432432432432432432 70.14285714285714285714 68.23076923076923076923
StadedeReims 1.16216216216216216216 1.32432432432432432432 66.36363636363636363636 66.71428571428571428571
scBastia 1.13513513513513513513 1.51351351351351351351 69.00000000000000000000 65.00000000000000000000
Toulousefc 1.16216216216216216216 1.40540540540540540540 72.50000000000000000000 72.10000000000000000000
Montpelliersc 1.21621621621621621621 1.32432432432432432432 71.15384615384615384615 70.10000000000000000000
ogcNice .81081081081081081081 1.16216216216216216216 68.46153846153846153846 67.16666666666666666666
evianthonongaillardfc .97297297297297297297 1.37837837837837837837 68.00000000000000000000 69.45454545454545454545
fcSochaux 1.00000000000000000000 1.56756756756756756756 65.37500000000000000000 66.93333333333333333333
Valenciennesfc .97297297297297297297 1.67567567567567567567 69.00000000000000000000 67.86666666666666666666
ACAjaccio .97297297297297297297 1.86486486486486486486 64.27272727272727272727 67.21428571428571428571
Juventus 2.08108108108108108108 .62162162162162162162 81.16666666666666666666 80.77272727272727272727
Roma 1.94594594594594594594 .64864864864864864864 77.00000000000000000000 74.14285714285714285714
Napoli 1.94594594594594594594 1.02702702702702702702 80.23076923076923076923 77.35714285714285714285
Fiorentina 1.70270270270270270270 1.13513513513513513513 76.79166666666666666666 74.46666666666666666666
Torino 1.51351351351351351351 1.24324324324324324324 72.50000000000000000000 72.45454545454545454545
Parma 1.51351351351351351351 1.24324324324324324324 72.52941176470588235294 73.88235294117647058823
Milan 1.48648648648648648648 1.29729729729729729729 79.62500000000000000000 76.44444444444444444444
HellasVerona 1.64864864864864864864 1.70270270270270270270 70.45454545454545454545 69.10000000000000000000
Lazio 1.43243243243243243243 1.45945945945945945945 78.15384615384615384615 75.27777777777777777777
Atalanta 1.13513513513513513513 1.32432432432432432432 73.92307692307692307692 73.05882352941176470588
Sampdoria 1.21621621621621621621 1.59459459459459459459 72.21428571428571428571 70.33333333333333333333
Udinese 1.16216216216216216216 1.45945945945945945945 75.00000000000000000000 75.35714285714285714285
Genoa 1.08108108108108108108 1.35135135135135135135 74.30769230769230769230 74.00000000000000000000
Cagliari .91891891891891891891 1.35135135135135135135 75.61538461538461538461 72.45454545454545454545
Sassuolo 1.13513513513513513513 1.89189189189189189189 65.42857142857142857142 67.57142857142857142857
ChievoVerona .86486486486486486486 1.43243243243243243243 72.33333333333333333333 72.12500000000000000000
Bologna .75675675675675675675 1.54054054054054054054 73.28571428571428571428 73.42857142857142857142
Catania .86486486486486486486 1.75675675675675675675 72.93333333333333333333 73.36363636363636363636
Livorno 1.05405405405405405405 2.02702702702702702702 67.00000000000000000000 64.71428571428571428571
BayernMunchen 2.76470588235294117647 .67647058823529411764 82.94117647058823529411 81.09523809523809523809
BorussiaDortmund 2.35294117647058823529 1.11764705882352941176 77.07692307692307692307 72.70588235294117647058
fcSchalke04 1.85294117647058823529 1.26470588235294117647 78.00000000000000000000 74.68750000000000000000
Bayer04Leverkusen 1.76470588235294117647 1.20588235294117647058 73.50000000000000000000 73.93333333333333333333
VfLWolfsburg 1.85294117647058823529 1.47058823529411764705 72.00000000000000000000 73.45000000000000000000
borussiam'gladbach 1.73529411764705882352 1.26470588235294117647 72.55555555555555555555 71.41666666666666666666
FCAugsburg 1.38235294117647058823 1.38235294117647058823 70.18181818181818181818 68.28571428571428571428
1899hoffenheim 2.11764705882352941176 2.05882352941176470588 71.00000000000000000000 72.07692307692307692307
Hannover96 1.35294117647058823529 1.73529411764705882352 72.12500000000000000000 71.53333333333333333333
HerthaBsc 1.17647058823529411764 1.41176470588235294117 70.00000000000000000000 69.91666666666666666666
WerderBremen 1.23529411764705882352 1.94117647058823529411 69.20000000000000000000 71.00000000000000000000
EintrachtFrankfurt 1.17647058823529411764 1.67647058823529411764 72.53846153846153846153 68.00000000000000000000
SCFreiburg 1.26470588235294117647 1.79411764705882352941 71.00000000000000000000 69.85714285714285714285
VfBStuttgart 1.44117647058823529411 1.82352941176470588235 73.00000000000000000000 73.58333333333333333333
HamburgerSV 1.50000000000000000000 2.20588235294117647058 71.36363636363636363636 73.00000000000000000000
